3.3600 15.6495
6.4063 45.8259
1.3291 14.6734
11.7930 43.5116
1.5502 7.7206
6.9133 57.0273
5.7103 55.7082
2.9385 12.5778
3.3630 15.8563
1.4491 0.5227
9.6684 55.4616
0.9036 18.3113
2.5997 12.1444
5.0520 10.8180
14.0066 47.5115
4.2101 21.9307
9.5835 94.4608
7.1527 48.6722
14.6041 93.1977
10.1615 79.9218
7.4489 21.5656
7.3819 36.7911
2.0641 10.9528
3.1659 18.6292
6.2126 67.7022
6.4104 55.3527
11.4677 66.4297
12.6176 78.5328
4.5019 32.9270
4.5474 38.7017
0.4899 3.6789
2.0171 1.9939
12.3542 25.4596
2.2464 1.3030
8.8841 13.0897
10.7751 32.8815
1.5228 15.2962
1.1640 16.3863
1.8216 3.3872
13.8758 150.9705
13.8672 159.7037
12.4631 55.7756
2.6688 23.8458
7.6820 30.8723
2.8670 23.6342
3.5122 20.0759
13.9321 125.0076
0.0000 0.4957
1.4880 21.2719
1.6766 16.5524
1.6545 18.3522
2.0706 2.1959
1.3754 4.0581
1.0664 18.3050
5.2858 50.2935
2.3314 15.2308
5.0013 27.1897
2.0933 17.9428
6.0315 26.6850
5.0143 46.9126
0.2646 2.0569
5.6491 32.8840
1.6136 4.6656
12.5772 96.9919
7.4027 71.7517
4.4524 31.5041
5.5545 21.5482
7.9809 50.6364
4.0540 4.2995
6.5182 23.6955
10.6674 42.5181
6.3435 43.4294
12.7552 22.4252
0.2250 3.4235
8.2791 26.5954
8.1403 16.2362
13.3641 57.2468
7.1206 50.2601
11.2489 67.6210
0.6211 2.7770
1.7816 11.7858
1.3023 13.0786
11.1841 67.0122
2.1732 28.7620
5.3297 59.8047
1.7935 12.8581
8.3289 65.4760
12.1379 58.2656
12.1666 29.4019
13.0030 99.5842
4.5587 22.2948
7.3563 31.7645
2.2608 13.0256
11.2281 79.8463
3.6760 31.8178
6.3291 28.0961
14.6396 52.1725
6.3669 35.9672
6.1126 40.9056
2.9782 40.2184
6.3284 25.2772
3.0417 30.5895
3.8392 29.6049
3.6306 29.6892
13.8822 104.2662
10.8170 37.3639
10.2128 67.7557
13.8037 35.1101
4.8553 23.0640
12.4999 72.5859
7.1746 82.6465
8.6457 17.7868
12.6103 68.9459
8.2205 15.5133
12.0770 31.6300
3.3264 9.9379
5.0676 36.1183
14.5095 76.2910
14.3402 51.2617
5.3773 26.8515
2.6302 7.6897
2.1769 20.8724
11.1985 74.3619
1.4793 3.7632
1.6605 17.6008
1.3023 8.5244
10.4272 78.9531
10.0664 49.5936
5.8668 38.3058
3.2800 16.4359
4.2918 15.0052
2.0238 9.9691
13.7721 122.1689
6.7982 38.3607
13.7903 103.4571
1.3978 8.6872
11.1028 74.8863
11.9023 59.3005
6.8943 73.8700
11.3013 67.1254
5.8021 46.5130
10.9141 40.1622
9.0555 53.0466
4.8927 24.5188
11.3198 45.6759
2.7762 29.0264
4.7808 23.2569
13.6566 42.9210
5.0764 32.0832
13.8865 52.3706
11.6464 51.4098
10.8475 51.8066
2.9325 0.1819
2.0228 13.4621
2.9562 23.0276
8.1496 41.1176
11.6222 0.0000
6.7552 46.6223
3.1336 22.7757
1.6500 20.4357
2.6678 18.4371
12.0399 94.3684
13.1457 67.8992
3.0733 15.1475
8.3283 79.1185
14.0135 70.6265
2.1599 23.6850
6.9918 50.0788
7.2338 54.6417
5.3636 45.4058
1.2168 5.5181
3.9290 17.4910
2.4979 22.6191
8.1397 58.8481
2.7176 26.4639
9.7957 31.5411
8.4413 38.7043
16.0771 111.2446
7.8306 31.5754
3.1883 18.7680
8.3695 16.5780
2.4618 15.2252
14.6706 47.7631
14.0583 96.1289
11.7767 31.5934
5.0657 33.4163
2.2905 6.8960
2.7683 7.9984
4.5961 27.5966
11.9610 68.5160
1.4996 10.6130
13.1262 52.5476
9.1941 55.7598
2.7057 25.6299
3.8421 18.4194
1.2432 10.5966
2.5281 5.0560
2.5044 36.4721
4.9129 28.7954
0.3738 3.1810
7.9723 60.0376
3.6510 40.6685
6.8865 64.0415
5.4155 17.3297
6.1941 46.5195
12.3367 48.9557
5.7006 42.8681
7.4149 61.9252
8.5845 34.7910
2.4029 7.9096
4.5466 27.9441
14.8443 109.7073
7.3336 15.0476
8.0444 47.6508
9.8621 85.7576
11.3658 85.1641
6.1833 25.0484
11.9203 57.8837
2.0543 23.0780
4.9499 34.6923
1.5440 14.8752
15.1755 73.0595
10.5184 94.3950
6.8551 25.5001
3.7194 40.6486
0.7490 11.2289
10.0545 57.4451
9.8445 24.8024
1.3154 0.7992
11.4047 53.0422
1.3276 3.8362
3.6136 32.3826
2.5199 5.9859
11.5475 141.8011
2.4104 14.3856
1.5164 9.6766
11.0254 89.4363
3.3478 40.2495
11.2414 45.2436
4.9686 33.6358
11.9776 93.6633
12.3700 37.9348
6.3896 32.0266
11.2861 84.1092
1.1024 17.2663
2.0685 17.8673
2.3228 8.1835
13.9656 58.6371
1.4402 15.5650
2.6536 10.5220
4.1510 13.0464
2.0611 10.9166
5.2855 24.3249
3.9597 0.3801
3.8098 15.5873
5.2072 0.0298
4.3295 42.1935
2.7354 21.5466
5.5562 21.8152
1.1165 14.5599
8.1292 33.4169
2.7714 14.2531
14.6879 71.5835
12.0003 20.6022
0.8585 6.3371
0.9726 0.0000
13.8898 71.7767
6.3270 50.6255
11.7646 32.4587
14.1070 130.3131
6.1983 45.5436
7.5676 27.3069
9.3617 41.4802
6.8098 83.0290
8.9566 25.3868
3.0558 26.7813
0.8561 9.1422
5.5172 42.4262
11.9033 37.9579
2.0183 10.1631
3.9797 36.4685
2.4481 14.6735
10.3031 28.0944
9.9859 48.8774
1.0394 5.5645
5.6423 45.0509
3.6408 33.0658
6.0621 46.2001
14.8996 116.4537
10.2614 49.1580
0.7705 6.4684
9.9480 29.4402
1.3549 12.2311
4.3110 18.3236
9.7172 31.4280
9.5496 26.6567
7.4951 48.5672
3.6262 23.4323
2.3726 17.0002
6.0935 23.7583
7.1586 94.5735
1.6245 11.3465
6.4146 48.5777
1.3695 14.4167
13.2990 131.3567
0.0000 7.5164
0.3961 10.8526
7.9144 43.0183
7.3863 47.0581
8.0339 40.1576
7.9722 54.9486
7.8905 53.7279
10.9523 70.1234
14.8266 113.0427
6.4091 41.6706
9.6451 36.8134
1.5272 12.8777
8.7193 56.6006
3.6056 12.8654
2.7564 23.3235
3.2720 28.5651
11.0543 21.4183
11.5976 78.5385
4.0063 7.5048
4.8014 10.9647
0.4870 4.5081
0.8344 11.8417
0.0000 1.9784
9.3415 29.4109
13.6060 101.5551
5.0880 40.2216
2.5532 11.5468
0.7743 4.4570
11.2469 69.7615
10.6836 43.9912
8.6722 35.5901
0.9316 9.3412
0.6478 10.0744
9.4882 97.0795
11.9641 20.8447
8.7079 72.4823
9.0621 44.4045
8.7295 70.7906
5.2390 24.4238
3.3833 11.6226
7.0628 28.3830
3.7056 31.1229
1.9364 37.0616
12.3934 89.3812
10.7628 68.8906
0.9203 10.4074
2.6059 0.0000
1.4565 0.0000
1.9147 16.3868
14.5324 82.4977
1.7763 19.5857
7.7396 0.0000
3.6664 32.0300
0.5600 9.6150
7.8938 54.3493
5.9530 27.1624
4.6744 17.3766
4.3505 19.0785
12.2196 53.7459
10.5733 76.9472
9.8673 106.7355
8.0307 24.7002
10.3438 28.2456
7.9592 0.0000
3.3136 0.0000
8.5721 35.9627
4.7145 23.1222
7.0411 7.9840
5.5008 38.8568
11.1160 70.3423
5.3367 26.3519
13.1976 75.9316
7.1980 43.0768
1.9632 3.8232
6.2497 49.2216
4.8593 56.0297
9.4290 23.6428
6.8109 55.5012
3.1319 29.1046
5.2577 41.3469
10.2097 77.4403
7.6244 34.1261
12.6612 60.5026
2.9185 13.7030
8.1245 60.1560
5.4950 51.0184
0.8504 9.2929
1.5126 10.9255
9.3783 37.4118
3.4942 30.0332
5.6178 26.0277
15.5104 102.5526
6.3491 49.1252
0.7810 8.9162
12.8953 2.4714
12.7914 45.7216
4.7047 19.6257
1.7150 21.8681
9.3467 35.6270
10.2398 18.4768
13.7615 83.9008
13.4180 72.7064
1.7282 15.3914
11.5788 59.7261
1.0875 0.9634
6.1698 85.0861
4.6193 35.4231
3.5293 20.3455
11.7233 58.7734
3.3818 23.5631
1.3618 8.4490
11.2435 67.8013
13.6566 67.8058
1.2239 11.7171
2.8884 9.5704
5.8135 53.3318
0.1162 7.9860
2.8451 22.4508
3.4210 24.2179
12.4570 75.7992
14.4628 60.6338
7.8282 38.5876
6.1085 55.6861
7.7576 54.7549
12.9550 39.3613
9.3127 61.3185
2.7966 25.4357
6.1445 43.8138
6.9999 38.2913
2.0137 13.8302
9.2884 46.1834
0.4403 0.0000
7.9981 64.8096
3.6125 41.6040
11.4864 72.5567
7.0876 21.8625
5.9885 29.5721
8.5154 30.4725
1.0409 25.2662
0.0000 0.0000
9.3319 73.8272
10.0653 40.7405
2.8150 10.2634
2.0097 13.6722
10.2798 55.8285
1.0262 7.2265
1.5292 16.2147
4.2969 25.6491
5.1726 19.1087
5.9464 39.7421
14.2665 25.5430
11.4080 62.9723
1.9600 24.3533
13.1903 63.7566
4.8237 27.0396
7.4029 35.0805
5.8713 34.7045
2.3242 30.1130
11.8932 71.0298
6.9820 53.2210
1.8518 11.1054
6.7778 31.2496
7.9957 17.0408
10.3438 28.8089
3.8463 18.9945
7.6740 60.5813
9.4529 52.5479
15.9705 109.4056
4.9129 12.4945
9.8087 34.5562
8.8217 43.4936
3.1770 8.1583
12.2881 70.9655
4.6611 29.2749
8.7477 39.9563
9.1392 22.7188
2.5738 28.7524
2.7019 25.6432
1.9181 20.8528
13.9786 64.0191
13.6302 81.6849
13.8505 80.4368
6.9795 47.1790
13.7680 94.6862
3.1137 43.0021
6.2507 57.2771
3.8831 3.9683
10.5674 13.9871
13.2698 64.3246
2.6610 15.4422
15.0640 67.1414
9.6589 67.9635
13.3514 79.6762
4.2735 21.9138
2.1839 0.0000
8.8430 33.8667
12.1103 71.3205
5.8662 43.3884
5.5375 44.2369
4.9205 34.0384
5.8808 41.4956
9.3040 38.3819
10.2492 67.3260
4.5276 34.3813
2.2406 15.1717
10.2518 86.1414
2.6426 14.1326
10.6867 32.9322
7.9228 50.6849
5.5754 58.0435
1.6153 22.3327
11.2246 89.2778
3.0983 18.0561
2.1547 2.4569
1.8603 14.3583
7.3816 49.3405
1.3325 6.4917
9.0857 19.5059
9.6261 70.8043
8.7352 62.6209
2.4943 17.5724
11.5491 27.8438
5.7637 42.8279
0.0000 2.3083
2.1582 6.9346
4.8806 29.2853
6.0422 43.7264
3.4482 36.0710
5.0998 27.4130
2.7358 28.2400
10.6543 84.3728
8.5565 25.3433
10.9466 39.8824
2.7108 3.0554
6.4357 48.7136
9.8155 55.5110
8.9902 49.8081
3.2567 39.6984
8.8473 67.8788
13.9360 86.3488
7.4885 54.1130
4.9680 39.6832
7.5900 50.6475
13.6247 24.3458
11.4090 45.5970
8.7899 37.2930
6.0564 48.0714
11.5650 65.0446
13.5470 86.1580
11.7058 58.3185
0.6028 2.6343
12.8036 85.1546
1.3075 7.7286
4.0822 24.0210
10.3159 42.9513
10.0034 71.2342
4.9757 20.0822
9.2165 55.1790
4.8094 18.3172
1.6159 7.2871
3.0686 21.2205
4.3166 40.9854
12.2698 85.2466
3.8109 30.1937
11.2448 35.2702
4.3358 19.0059
12.3188 85.0110
1.5088 16.5003
4.1288 26.8712
6.2827 18.4587
10.8398 31.6947
12.7265 30.5728
0.6396 6.5441
4.5695 44.5355
2.0729 9.4258
2.2017 27.3568
2.7223 22.4569
6.8118 41.9798
12.9316 88.9737
3.4775 25.2020
13.1231 53.6607
2.3312 14.5050
8.2912 30.7710
2.8065 21.9459
3.5628 24.1578
2.0720 7.5267
4.4140 61.3284
5.3269 36.2126
0.8050 8.3385
8.9463 66.9345
1.6952 17.6282
11.2721 86.7284
1.2563 6.6856
13.3076 6.2329
2.0195 14.8019
7.5471 22.8483
7.1739 39.1444
6.7651 33.5111
6.2972 10.8076
6.5288 26.9980
8.0453 17.7155
6.0725 20.9053
5.3271 25.0599
3.8395 4.5813
10.5476 55.5071
13.4867 107.8133
5.3131 33.3242
5.8322 4.6433
0.8343 1.4102
4.2348 18.0105
14.7637 46.9476
2.5643 27.5703
2.6442 26.0110
1.1966 0.0000
1.1489 0.0000
2.5210 18.4076
11.8413 48.5209
0.9183 0.0000
14.6260 74.8740
2.5081 34.0323
5.9513 34.5974
2.3220 25.6681
13.0830 23.7525
12.8567 90.5293
11.8904 58.6838
4.4024 31.8135
12.2768 75.5307
1.3062 7.5796
7.2058 34.9539
11.3680 31.7010
7.3712 64.4342
5.7395 36.8896
2.1685 4.8224
2.6240 26.5297
3.3672 24.0320
2.5498 17.7105
5.6412 20.2832
11.3318 47.4049
2.8480 25.6559
2.3584 9.3451
0.5638 5.7676
14.5553 128.5919
1.9829 11.0197
5.2790 24.7959
9.8837 78.2853
2.1249 18.5821
9.7801 51.0992
5.3704 18.2443
0.4104 9.3438
4.9617 34.7453
10.5407 56.9339
4.4768 22.0708
14.1361 67.5177
5.5504 26.1510
8.5551 45.4287
7.3211 44.8284
1.7469 8.5727
3.9005 33.4133
1.8499 21.6010
11.9607 66.1348
1.6400 15.1317
4.4999 19.6409
1.4225 13.2528
14.6221 69.1976
3.3496 0.0000
11.2658 57.0664
4.0884 6.6304
10.1767 76.4458
4.7048 36.7238
1.6505 25.3530
3.8703 30.3830
10.9899 62.9632
10.1136 93.1236
4.5818 18.6718
14.0832 64.1076
4.1389 7.1207
4.4392 46.5117
12.2883 102.8372
9.5794 91.7068
6.4758 39.6483
6.2163 42.9982
6.2557 48.1827
4.1164 22.4220
5.4950 49.5730
7.1179 23.2432
11.9239 29.7847
7.1738 14.6264
2.3305 15.3024
4.1393 15.6096
1.6289 10.3350
10.4960 33.2518
10.7664 88.9462
6.2733 48.7236
7.6956 34.1640
10.6588 63.9305
9.5569 69.2767
8.0911 61.0991
12.3851 3.4050
4.0170 29.2315
5.9013 7.2917
5.8873 42.5880
4.1198 13.2837
4.2699 45.6600
2.2273 17.3374
2.2222 9.7158
3.1799 18.9428
11.1170 64.3751
9.2412 55.3965
6.8217 64.1867
9.8625 34.4400
2.5031 4.0502
5.3041 40.7423
8.3563 76.9768
2.0759 7.0243
11.0643 36.2373
2.5752 20.9806
1.8924 5.5206
9.9222 82.4569
3.6457 11.3383
3.2800 38.6657
10.1896 42.6313
0.8913 10.4810
3.3600 6.9998
2.8243 25.0627
12.9924 77.3821
9.8164 70.6282
5.7845 3.2919
12.3208 53.5693
3.4182 30.0659
3.2722 21.4582
11.6176 73.5166
13.8871 88.9027
12.0338 51.6933
6.7693 23.0859
8.3738 54.8114
6.2605 27.6283
1.2883 19.1660
2.2827 3.5126
0.0442 4.4841
9.6474 77.4443
9.5487 51.5803
0.0972 11.9876
9.7548 68.4785
0.4275 0.0000
2.7816 8.3110
11.3590 53.6383
7.5737 45.5027
4.2812 37.1276
12.5506 105.3719
14.1156 52.1183
5.6398 36.8328
10.9919 92.2503
11.0586 51.4419
2.2952 27.2908
5.6477 56.4776
5.2881 37.9295
11.5780 59.9288
2.9077 13.5737
1.1851 2.9201
13.0850 53.2986
0.2470 9.7266
2.7696 17.3769
12.5377 20.2750
9.1187 66.6196
14.4218 115.4325
11.9317 55.1884
0.6924 1.6571
13.9539 120.4097
13.5591 48.5806
10.4516 80.6495
4.3776 34.0858
4.8408 53.8620
2.8327 23.2287
14.9037 45.1693
1.9881 9.3120
6.6309 35.3252
0.3677 4.5927
2.2444 5.6675
7.7049 11.5879
13.6963 80.6330
1.0056 4.0352
9.5807 27.8641
9.8947 76.3812
1.3796 0.0000
9.9499 57.2543
1.1773 7.2109
3.9133 42.3537
13.8111 90.4312
13.1882 69.4016
3.1803 29.4217
12.7403 77.2114
7.2766 27.8989
5.9669 24.5550
11.9613 57.2050
2.5277 12.6884
2.6419 35.9245
11.6727 39.6988
0.8147 12.3158
2.7351 16.4148
9.9493 28.8387
7.4127 57.4725
4.3624 28.4969
8.1747 57.5835
12.5014 85.5444
13.1663 76.1729
5.3242 22.9528
4.0277 22.9901
7.4062 24.7192
1.8917 0.0000
3.3611 15.6598
12.2299 93.4898
3.7486 47.7597
6.7661 26.6912
1.1912 9.5746
4.1317 24.2597
6.7957 26.5344
0.0735 5.0371
11.5700 31.1098
11.5146 117.5311
5.9113 29.9331
5.4970 48.1377
7.6450 26.8511
2.8614 12.2676
7.9427 38.7896
2.9171 21.6224
3.1278 22.9915
7.0910 39.3930
3.1707 13.8131
7.5499 66.3608
3.1460 35.8857
13.0707 65.3717
11.8670 57.0793
8.8108 27.9404
14.4918 116.5411
5.8824 27.7536
3.2416 35.4357
9.4809 47.1996
0.0321 7.5604
2.3511 16.5450
3.1933 29.0100
9.4279 55.1070
2.6380 12.4344
7.0079 44.3472
13.0668 65.9396
12.0073 20.2546
5.4501 31.5308
7.8098 55.1653
9.5144 40.2887
9.2434 66.7492
3.3966 30.9070
8.5423 46.5396
6.8847 26.7070
11.8957 117.7678
7.1158 76.6061
9.6625 53.4678
3.6087 17.1955
6.2199 0.0000
7.2978 55.2401
12.4838 48.7652
12.9700 62.7340
1.8670 19.0983
4.5173 43.9782
2.9559 27.5940
7.5627 32.7896
12.5280 73.5040
8.8692 81.2665
4.3387 36.1525
13.5086 55.8325
3.5601 24.7113
4.5199 22.4154
12.2379 68.7014
2.8567 6.9639
4.6728 27.9618
13.1497 71.7167
1.6881 18.2457
2.5163 4.9130
6.6056 34.0359
4.0461 37.0465
3.1287 27.2961
4.0554 13.4026
9.6659 67.2175
4.2677 15.2055
6.6085 37.6803
12.9825 110.3348
3.5442 26.5525
9.4384 84.8430
10.1128 41.7506
6.3272 48.9045
11.3879 79.6100
0.3048 8.2309
3.2323 20.9748
8.3101 64.0195
1.9560 20.0394
0.4988 2.4282
8.8091 64.0604
4.1006 29.4762
1.8550 17.0584
8.1787 40.2291
5.7026 13.4384
9.1719 45.2281
6.6951 34.5738
7.1558 30.4040
10.4200 65.8973
0.8529 4.9836
3.0955 13.1769
6.8730 44.3476
6.0604 54.7251
8.6572 32.5467
12.9003 74.0347
10.6148 49.9642
9.5230 38.0993
6.9394 31.7798
0.6219 4.9218
7.7321 46.1164
2.7589 16.2394
3.8613 30.2207
11.5568 21.7274
1.0546 5.2216
8.9772 68.1420
5.0922 27.7785
8.0468 33.2071
7.2381 21.9419
5.9040 39.5110
0.7846 13.0582
6.3259 32.3707
12.4115 68.8240
1.8905 2.8533
1.7307 24.2114
0.0380 2.5796
3.9534 20.7720
3.0792 0.0000
13.8530 25.8505
14.2130 80.6516
14.3153 59.9448
0.2557 13.4169
11.8303 40.7997
2.0467 6.5170
6.5570 13.1415
9.4169 72.5798
7.3216 70.3408
12.3372 42.3488
12.9910 31.6843
0.8264 0.0000
8.2387 24.7046
1.9489 22.9606
4.5407 31.7700
5.2588 28.5617
8.3408 68.7381
10.3678 77.9657
5.4959 33.9369
8.6159 0.4207
13.1777 53.2596
5.1237 24.8627
1.2807 4.1134
1.4445 19.3252
1.0158 0.0000
1.6994 0.8476
12.1688 79.9828
2.9121 31.3588
12.9333 37.4988
12.0841 73.1004
12.7221 9.6977
3.4972 27.0277
4.1151 39.5905
6.8805 24.0940
2.5735 2.7051
4.7359 39.2915
6.0381 36.3774
2.6102 5.7025
3.5032 17.9017
10.3326 70.4790
13.7441 81.3725
4.9483 17.8978
12.7785 120.0104
6.5861 49.2172
8.3985 27.1608
15.6669 79.5645
13.1375 82.0667
7.7473 50.7432
9.7587 60.4562
4.6251 14.4252
5.5912 21.6662
5.9853 42.9387
4.5370 34.7930
1.0127 5.4186
1.0423 7.4065
2.5231 20.3536
4.3469 42.0012
12.8917 73.4649
10.7352 57.5168
9.6229 89.2150
11.2392 56.6988
9.0531 54.3120
12.8644 144.7738
6.8878 61.8490
